 
[-2.13666667  4.33        4.35222222  4.37444444  5.05222222  5.18555556
  5.57444444  5.58555556  6.85222222  6.87444444  7.68555556  7.69666667
  7.70777778  7.90777778  8.04111111  8.05222222  8.10777778  8.17444444
  8.18555556  8.19666667  8.20777778  8.21888889  9.15222222  9.16333333
  9.17444444  9.18555556  9.19666667  9.25222222  9.47444444  9.48555556
  9.49666667  9.54111111  9.55222222 10.16333333 10.54111111 10.56333333
 10.64111111 10.65222222 10.66333333 11.69666667 11.70777778 11.71888889
 11.73       11.94111111 11.99666667 12.00777778 12.01888889 12.03
 12.04111111 12.05222222 12.06333333 12.39666667 12.40777778 12.41888889
 12.71888889 12.73       12.74111111 12.78555556 12.81888889 12.83
 12.84111111 12.88555556 12.89666667 12.90777778 13.10777778 13.11888889
 13.13       13.15222222 13.16333333 13.63       13.64111111 13.65222222
 13.69666667 13.70777778 13.76333333 13.78555556 13.79666667 13.80777778
 13.81888889 14.15222222 14.16333333 14.17444444 14.18555556 14.19666667
 14.20777778 14.24111111 14.25222222 14.27444444 14.31888889 14.33
 14.67444444 15.06333333 15.07444444 15.08555556 15.09666667 15.10777778
 15.11888889 15.13       15.14111111 15.15222222 15.16333333 15.17444444
 15.18555556 15.19666667 15.38555556 15.39666667 15.40777778 15.41888889
 15.43       15.76333333 15.83       15.89666667 15.90777778 15.94111111
 15.95222222 15.96333333 16.20777778 16.26333333 16.30777778 16.31888889
 16.33       16.34111111 16.35222222 16.48555556 16.49666667 16.55222222
 16.56333333 16.57444444 16.88555556 16.98555556 16.99666667 17.84111111
 17.93       17.95222222 17.96333333 17.97444444 17.98555556 17.99666667
 18.00777778 18.01888889 18.03       18.04111111 18.05222222 18.06333333
 18.07444444 18.08555556 18.09666667 18.10777778 18.35222222 18.41888889
 18.55222222 18.75222222 19.08555556 19.09666667 19.15222222 19.16333333
 19.35222222 19.36333333 19.37444444 19.39666667 19.40777778 19.67444444
 19.68555556 19.69666667 19.70777778 19.71888889 19.73       19.96333333
 19.97444444 20.23       20.24111111 20.25222222 20.55222222 20.56333333
 20.57444444 20.84111111 20.97444444 20.98555556 21.10777778 21.17444444
 21.18555556 21.19666667 21.20777778 21.87444444 22.34111111 22.35222222
 22.36333333 22.37444444 22.38555556 22.39666667 22.41888889 22.43
 22.44111111 22.45222222 22.46333333 22.66333333 22.67444444 22.68555556
 22.69666667 22.70777778 22.71888889 23.64111111 23.75222222 24.03
 24.04111111 24.23       24.24111111 24.25222222 24.35222222 24.36333333
 24.37444444 24.38555556 24.39666667 24.41888889 24.43       24.44111111
 24.45222222 24.46333333 24.47444444 24.61888889 24.63       24.64111111
 24.67444444 25.19666667 25.46333333 25.47444444 25.48555556 25.49666667
 25.65222222 25.91888889 25.93       25.98555556 25.99666667 26.00777778
 26.01888889 26.03       26.04111111 26.05222222 26.06333333 26.07444444
 26.08555556 26.09666667 26.23       26.37444444 26.63       26.64111111
 26.66333333 26.68555556 26.95222222 26.96333333 26.97444444 26.98555556
 26.99666667 27.00777778 27.28555556 27.29666667 27.30777778 27.40777778
 27.79666667 28.25222222 28.26333333 28.27444444 28.28555556 28.29666667
 28.30777778 28.38555556 28.76333333 28.84111111 28.88555556 28.89666667
 28.90777778 28.91888889 28.93       28.94111111 28.95222222 28.97444444
 28.98555556 29.01888889 29.36333333 29.48555556 29.49666667 29.50777778
 29.51888889 29.53       29.81888889 29.83       29.84111111 29.85222222
 29.94111111 30.45222222 30.59666667 30.64111111 30.65222222 30.88555556
 30.89666667 30.90777778 30.98555556 30.99666667 31.00777778 31.24111111
 31.25222222 31.26333333 31.50777778 31.51888889 31.53       31.54111111
 31.55222222 31.56333333 31.70777778 31.71888889 31.73       31.74111111
 31.75222222 31.89666667 31.90777778 31.91888889 31.93       31.94111111
 31.95222222 32.41888889 32.43       32.44111111 32.45222222 32.46333333
 32.47444444 33.26333333 33.27444444 33.28555556 33.84111111 33.85222222
 34.04111111 34.05222222 34.06333333 34.07444444 34.08555556 34.09666667
 34.10777778 34.11888889 34.13       34.14111111 34.15222222 34.16333333
 34.37444444 34.39666667 34.40777778 34.41888889 34.55222222 34.68555556
 34.69666667 34.70777778 34.71888889 34.73       34.74111111 34.89666667
 34.91888889 34.93       34.94111111 35.01888889 35.03       35.07444444
 35.34111111 35.35222222 35.36333333 35.37444444 35.38555556 35.39666667
 35.40777778 35.53       35.54111111 35.55222222 35.56333333 35.57444444
 35.58555556 36.28555556 36.58555556 36.59666667 36.60777778 36.61888889
 36.63       36.64111111 36.65222222 36.66333333 36.67444444 36.68555556
 36.69666667 36.74111111 36.76333333 36.85222222 36.87444444 36.88555556
 36.89666667 36.90777778 36.91888889 36.93       36.94111111 36.95222222
 36.96333333 36.97444444 36.98555556 36.99666667 37.00777778 37.01888889
 37.03       37.80777778 37.81888889 37.83       37.84111111 37.99666667
 38.53       38.54111111 38.55222222] 
[-2.15888889 -2.13666667 24.61888889 24.66333333 24.74111111 25.46333333
 25.47444444 25.78555556 25.79666667 25.80777778 25.81888889 26.17444444
 26.18555556 26.19666667 26.20777778 26.21888889 26.23       26.61888889
 26.64111111 26.65222222 26.66333333 26.67444444 26.68555556 27.58555556
 27.59666667 28.50777778 28.61888889 28.63       28.93       28.94111111
 28.95222222 28.96333333 29.48555556 29.49666667 29.50777778 29.61888889
 29.63       29.65222222 29.66333333 29.67444444 29.68555556 29.70777778
 29.71888889 29.73       29.74111111 29.87444444 29.90777778 29.98555556
 29.99666667 30.07444444 30.08555556 30.09666667 30.10777778 30.11888889
 30.14111111 30.20777778 30.21888889 30.23       30.24111111 30.25222222
 30.70777778 30.71888889 30.77444444 30.78555556 30.79666667 30.83
 30.84111111 30.90777778 30.98555556 30.99666667 31.03       31.04111111
 31.24111111 31.25222222 31.26333333 31.27444444 31.28555556 31.29666667
 31.30777778 31.31888889 31.33       31.34111111 31.35222222 32.06333333
 32.07444444 32.08555556 32.09666667 32.10777778 32.11888889 32.13
 32.14111111 32.29666667 32.30777778 32.34111111 32.54111111 32.74111111
 32.75222222 32.76333333 32.77444444 32.78555556 32.79666667 32.80777778
 32.81888889 32.83       32.84111111 32.85222222 32.86333333 32.93
 32.94111111 32.95222222 32.97444444 33.38555556 33.39666667 33.40777778
 33.41888889 33.43       33.44111111 33.51888889 33.53       33.77444444
 33.78555556 33.79666667 33.80777778 33.81888889 33.83       33.90777778
 33.91888889 33.93       33.94111111 33.95222222 33.96333333 34.04111111
 34.15222222 34.21888889 34.31888889 34.56333333 34.57444444 34.58555556
 34.59666667 34.77444444 34.78555556 34.79666667 34.80777778 34.87444444
 34.88555556 34.89666667 34.90777778 34.91888889 34.93       34.94111111
 34.95222222 34.97444444 34.99666667 35.00777778 35.01888889 35.03
 35.04111111 35.14111111 35.15222222 35.16333333 35.17444444 35.18555556
 35.27444444 35.40777778 35.41888889 35.43       35.44111111 35.45222222
 35.46333333 35.59666667 35.60777778 35.61888889 35.86333333 35.87444444
 35.88555556 36.05222222 36.06333333 36.07444444 36.08555556 36.09666667
 36.10777778 36.17444444 36.20777778 36.21888889 36.24111111 36.64111111
 36.65222222 36.69666667 36.70777778 36.71888889 36.73       36.74111111
 36.75222222 36.76333333 36.77444444 36.78555556 36.79666667 36.90777778
 36.91888889 36.93       36.94111111 36.95222222 36.96333333 36.97444444
 36.98555556 36.99666667 37.00777778 37.01888889 37.04111111 37.05222222
 37.06333333 37.07444444 37.08555556 37.09666667 37.10777778 37.11888889
 37.13       37.20777778 37.21888889 37.23       37.24111111 37.47444444
 37.48555556 37.49666667 37.50777778 37.51888889 37.53       37.54111111
 37.55222222 37.60777778 37.63       37.69666667 38.17444444 38.18555556
 38.19666667 38.20777778 38.21888889 38.23       38.24111111 38.25222222
 38.26333333 38.27444444 38.28555556 38.29666667 38.30777778 38.31888889
 38.33       38.34111111 38.35222222 38.36333333 38.37444444 38.38555556
 38.39666667 38.40777778 38.41888889 38.43       38.44111111 38.45222222
 38.46333333 38.47444444 38.48555556 38.49666667 38.50777778 38.51888889
 38.53       38.54111111 38.55222222 38.56333333 38.57444444 38.58555556
 38.59666667 38.60777778 38.61888889 38.63       38.64111111] 
[-2.15888889 -2.13666667  8.04111111  8.05222222  8.41888889  8.45222222
  8.47444444  8.48555556  8.53        8.54111111  8.55222222  8.74111111
  8.88555556  8.89666667  8.91888889  8.93        8.94111111  9.01888889
  9.03        9.04111111  9.05222222  9.08555556  9.09666667  9.16333333
  9.17444444  9.18555556  9.19666667  9.20777778  9.21888889  9.23
  9.24111111  9.25222222  9.26333333  9.27444444  9.28555556  9.29666667
  9.30777778  9.31888889  9.33        9.53        9.54111111  9.55222222
 10.33       10.34111111 10.35222222 10.36333333 10.37444444 10.38555556
 10.39666667 10.40777778 10.41888889 10.43       10.66333333 10.67444444
 10.68555556 10.69666667 10.71888889 10.73       10.74111111 10.75222222
 10.76333333 10.77444444 10.81888889 10.83       10.84111111 10.85222222
 10.86333333 10.87444444 10.88555556 10.96333333 10.97444444 10.98555556
 11.03       11.04111111 11.05222222 11.06333333 11.23       11.24111111
 11.25222222 11.26333333 11.27444444 11.28555556 11.29666667 11.30777778
 11.61888889 11.63       11.64111111 11.65222222 11.80777778 11.81888889
 11.83       11.84111111 11.85222222 11.86333333 11.87444444 11.88555556
 11.91888889 12.23       12.30777778 12.31888889 12.37444444 12.44111111
 12.45222222 12.53       12.54111111 12.55222222 12.56333333 12.57444444
 12.61888889 12.63       12.64111111 12.71888889 12.74111111 12.75222222
 12.76333333 12.77444444 12.78555556 12.83       12.84111111 12.91888889
 12.93       12.94111111 12.95222222 13.18555556 13.24111111 13.43
 13.44111111 13.45222222 13.49666667 13.50777778 13.51888889 13.53
 13.54111111 13.55222222 13.56333333 13.57444444 13.58555556 13.59666667
 13.60777778 13.61888889 13.69666667 13.70777778 13.71888889 13.76333333
 13.77444444 13.80777778 13.81888889 13.88555556 13.89666667 13.90777778
 13.91888889 14.47444444 14.48555556 14.49666667 14.50777778 14.51888889
 14.53       14.57444444 14.59666667 15.06333333 15.07444444 15.08555556
 15.09666667 15.10777778 15.11888889 15.13       15.14111111 15.15222222
 15.16333333 15.17444444 15.18555556 15.19666667 15.20777778 15.31888889
 15.33       15.34111111 15.51888889 15.58555556 15.59666667 15.60777778
 15.64111111 15.65222222 15.66333333 15.67444444 15.68555556 15.69666667
 15.70777778 15.71888889 15.73       15.74111111 15.75222222 15.76333333
 15.90777778 15.91888889 15.93       15.94111111 15.95222222 15.96333333
 16.37444444 16.38555556 16.39666667 16.40777778 16.41888889 16.67444444
 17.14111111 17.15222222 17.16333333 17.17444444 17.18555556 17.19666667
 17.20777778 17.21888889 17.23       17.24111111 17.25222222 17.26333333
 17.33       17.34111111 17.35222222 17.36333333 17.37444444 17.38555556
 17.39666667 17.59666667 17.60777778 17.61888889 17.63       17.64111111
 17.65222222 17.73       17.74111111 17.75222222 17.76333333 17.77444444
 17.78555556 17.79666667 17.80777778 17.81888889 17.83       17.84111111
 17.85222222 17.86333333 17.88555556 17.89666667 17.90777778 17.96333333
 18.24111111 18.25222222 18.29666667 18.30777778 18.31888889 18.33
 18.34111111 18.44111111 18.49666667 18.69666667 18.70777778 18.71888889
 18.73       18.74111111 18.75222222 18.76333333 18.77444444 18.78555556
 19.35222222 19.36333333 19.37444444 19.38555556 19.39666667 19.40777778
 19.41888889 19.43       19.44111111 19.45222222 19.46333333 19.94111111
 19.98555556 20.13       20.14111111 20.18555556 20.38555556 20.39666667
 20.40777778 20.41888889 20.43       20.44111111 20.45222222 20.49666667
 20.50777778 20.56333333 20.57444444 20.78555556 20.79666667 20.90777778
 20.91888889 20.93       20.94111111 20.95222222 20.96333333 21.23
 21.36333333 21.37444444 21.38555556 21.41888889 21.66333333 21.67444444
 21.79666667 21.81888889 21.83       21.88555556 22.28555556 22.30777778
 22.31888889 22.33       22.40777778 22.41888889 22.44111111 22.67444444
 22.71888889 22.79666667 22.80777778 22.81888889 22.83       22.84111111
 22.85222222 22.98555556 22.99666667 23.00777778 23.01888889 23.37444444
 23.38555556 23.39666667 23.40777778 23.41888889 23.43       23.45222222
 23.46333333 23.47444444 23.48555556 23.49666667 24.03       24.27444444
 24.35222222 24.36333333 24.37444444 24.38555556 24.39666667 24.40777778
 24.46333333 24.47444444 24.48555556 24.49666667 24.50777778 24.51888889
 24.53       24.54111111 24.56333333 24.68555556 24.69666667 24.70777778
 24.74111111 24.75222222 24.76333333 24.94111111 24.95222222 24.96333333
 25.13       25.14111111 25.15222222 25.36333333 25.38555556 25.48555556
 25.51888889 25.55222222 25.56333333 25.57444444 25.85222222 25.86333333
 25.87444444 25.88555556 25.89666667 26.10777778 26.11888889 26.17444444
 26.18555556 26.19666667 26.20777778 26.50777778 26.51888889 26.53
 26.56333333 26.57444444 26.58555556 26.59666667 26.60777778 26.61888889
 26.69666667 26.71888889 26.74111111 26.75222222 26.76333333 26.79666667
 26.88555556 26.89666667 26.90777778 26.93       27.11888889 27.38555556
 27.45222222 27.46333333 27.55222222 27.56333333 27.64111111 27.66333333
 27.68555556 27.69666667 27.70777778 27.71888889 27.79666667 28.06333333
 28.07444444 28.08555556 28.09666667 28.13       28.14111111 28.15222222
 28.16333333 28.17444444 28.96333333 29.16333333 29.20777778 29.21888889
 29.27444444 29.28555556 29.29666667 29.34111111 29.35222222 29.53
 29.59666667 29.60777778 29.68555556 29.69666667 29.73       29.74111111
 30.14111111 30.15222222 30.16333333 30.17444444 30.18555556 30.19666667
 30.46333333 30.47444444 30.48555556 30.49666667 30.50777778 30.51888889
 30.66333333 30.67444444 30.68555556 30.69666667 30.70777778 30.85222222
 30.86333333 30.87444444 31.11888889 31.13       31.14111111 31.15222222
 31.16333333 31.17444444 31.18555556 31.19666667 31.20777778 31.21888889
 32.15222222 32.16333333 32.17444444 32.18555556 32.19666667 32.20777778
 32.21888889 32.26333333 32.67444444 32.74111111 32.75222222 32.80777778
 32.81888889 32.83       32.84111111 32.85222222 32.86333333 33.29666667
 33.31888889 33.37444444 33.41888889 33.43       33.44111111 33.58555556
 33.59666667 33.60777778 33.65222222 33.78555556 33.79666667 33.80777778
 33.81888889 33.83       33.84111111 34.49666667 34.56333333 35.06333333
 35.18555556 35.19666667 35.26333333 35.44111111 35.46333333 35.59666667
 35.60777778 35.61888889 35.63       35.66333333 36.11888889 36.13
 36.14111111 36.15222222 36.16333333 36.31888889 36.33       36.34111111
 36.35222222 36.36333333 36.37444444 36.38555556 36.39666667 36.74111111
 36.75222222 37.45222222 37.46333333 37.47444444 37.48555556 37.49666667
 37.77444444 37.78555556 37.79666667 37.87444444 37.88555556 37.89666667
 37.90777778 37.91888889 37.93       37.94111111 37.95222222 37.96333333
 37.98555556 38.34111111 38.50777778 38.51888889 38.53       38.54111111
 38.55222222 38.56333333 38.57444444 38.58555556 38.59666667 38.60777778
 38.61888889 38.63       38.64111111 38.65222222 38.66333333 38.67444444
 38.68555556 38.69666667 38.70777778 38.71888889 38.90777778 38.91888889
 38.93      ] 
[-2.15888889 -2.14777778 -2.13666667 -2.12555556  1.31888889  1.33
  1.48555556  1.60777778  1.61888889  1.63        1.64111111  1.65222222
  1.66333333  1.67444444  1.68555556  1.69666667  1.70777778  1.71888889
  1.73        1.74111111  1.75222222  1.76333333  1.77444444  1.78555556
  1.91888889  1.98555556  2.01888889  2.03        2.04111111  2.05222222
  2.29666667  2.31888889  2.38555556  2.39666667  2.40777778  2.41888889
  2.43        2.44111111  2.45222222  2.46333333  2.47444444  2.48555556
  2.49666667  2.64111111  2.65222222  2.66333333  2.67444444  2.68555556
  2.69666667  2.70777778  2.71888889  2.73        2.74111111  2.75222222
  2.76333333  2.77444444  2.78555556  2.79666667  2.90777778  3.09666667
  3.51888889  3.53        3.65222222  3.66333333  3.67444444  3.76333333
  3.78555556  3.80777778  3.81888889  3.83        3.84111111  3.85222222
  3.86333333  3.87444444  3.89666667  3.90777778  3.91888889  3.93
  4.10777778  4.11888889  4.13        4.18555556  4.20777778  4.21888889
  4.23        4.24111111  4.25222222  4.26333333  4.27444444  4.28555556
  4.29666667  4.30777778  4.31888889  4.33        4.38555556  4.39666667
  4.40777778  4.41888889  4.46333333  4.47444444  4.48555556  4.49666667
  4.50777778  4.51888889  4.53        4.54111111  4.55222222  4.56333333
  4.57444444  4.58555556  4.73        4.74111111  4.75222222  4.76333333
  4.77444444  4.91888889  4.93        4.94111111  4.95222222  4.96333333
  4.97444444  5.50777778  5.51888889  5.55222222  5.83        5.84111111
  5.85222222  5.86333333  5.87444444  5.88555556  5.89666667  5.90777778
  5.91888889  5.95222222  5.96333333  5.97444444  5.98555556  5.99666667
  6.00777778  6.01888889  6.05222222  6.06333333  6.07444444  6.08555556
  6.09666667  6.10777778  6.11888889  6.13        6.14111111  6.15222222
  6.16333333  6.17444444  6.21888889  6.23        6.24111111  6.25222222
  6.26333333  6.38555556  6.41888889  6.43        6.44111111  6.45222222
  6.46333333  6.47444444  6.48555556  6.49666667  6.50777778  6.74111111
  6.75222222  6.76333333  6.77444444  6.78555556  6.79666667  6.80777778
  6.81888889  7.06333333  7.09666667  7.10777778  7.11888889  7.33
  7.34111111  7.35222222  7.45222222  7.46333333  7.58555556  7.59666667
  7.60777778  7.65222222  7.66333333  7.67444444  7.68555556  7.69666667
  7.70777778  7.78555556  7.79666667  7.84111111  7.85222222  7.86333333
  7.90777778  7.91888889  7.93        7.94111111  7.95222222  7.96333333
  7.97444444  8.01888889  8.03        8.15222222  8.16333333  8.17444444
  8.18555556  8.20777778  8.21888889  8.43        8.56333333  8.57444444
  8.58555556  8.59666667  8.60777778  8.61888889  8.63        8.64111111
  8.65222222  8.66333333  8.67444444  8.68555556  8.69666667  8.70777778
  8.71888889  8.73        8.74111111  8.78555556  8.79666667  9.01888889
  9.03        9.04111111  9.05222222  9.06333333  9.07444444  9.08555556
  9.09666667  9.10777778  9.11888889  9.27444444  9.28555556  9.29666667
  9.30777778  9.31888889  9.33        9.47444444  9.48555556  9.49666667
  9.53        9.80777778  9.83        9.84111111  9.85222222  9.86333333
 10.03       10.04111111 10.11888889 10.13       10.14111111 10.15222222
 10.16333333 10.17444444 10.18555556 10.19666667 10.20777778 10.21888889
 10.23       10.24111111 10.25222222 10.65222222 10.66333333 10.67444444
 10.68555556 10.69666667 10.89666667 10.90777778 10.98555556 11.01888889
 11.03       11.04111111 11.05222222 11.06333333 11.07444444 11.08555556
 11.09666667 11.10777778 11.11888889 11.16333333 11.23       11.46333333
 11.48555556 11.63       11.68555556 11.69666667 11.70777778 11.71888889
 11.74111111 11.75222222 11.76333333 11.77444444 11.78555556 11.79666667
 12.16333333 12.17444444 12.18555556 12.98555556 12.99666667 13.00777778
 13.01888889 13.03       13.04111111 13.05222222 13.06333333 13.10777778
 13.11888889 13.13       13.14111111 13.15222222 13.16333333 13.64111111
 13.65222222 13.66333333 13.67444444 13.68555556 13.69666667 13.70777778
 13.71888889 13.73       13.74111111 13.75222222 14.14111111 14.17444444
 14.18555556 14.19666667 14.20777778 14.25222222 14.26333333 14.27444444
 14.37444444 14.38555556 14.39666667 14.47444444 14.48555556 14.50777778
 14.54111111 14.55222222 14.56333333 14.57444444 14.60777778 14.61888889
 14.63       14.67444444 14.68555556 14.69666667 15.16333333 15.17444444
 15.64111111 15.74111111 15.76333333 16.19666667 16.43       16.44111111
 16.45222222 16.55222222 16.56333333 16.61888889 16.63       16.64111111
 16.65222222 16.66333333 16.67444444 17.05222222 17.06333333 17.07444444
 17.08555556 17.09666667 17.10777778 17.11888889 17.13       17.20777778
 17.23       17.25222222 17.26333333 17.27444444 17.28555556 17.29666667
 17.31888889 17.46333333 17.47444444 17.48555556 17.49666667 17.50777778
 17.51888889 17.53       17.78555556 17.81888889 17.83       17.84111111
 17.90777778 17.98555556 17.99666667 18.00777778 18.04111111 18.44111111
 18.45222222 18.46333333 18.60777778 18.69666667 18.70777778 18.71888889
 18.73       18.74111111 18.75222222 18.96333333 18.97444444 19.03
 19.04111111 19.05222222 19.06333333 19.07444444 19.08555556 19.09666667
 19.10777778 19.15222222 19.16333333 19.17444444 19.18555556 19.20777778
 19.54111111 19.55222222 19.56333333 19.58555556 19.59666667 19.65222222
 19.66333333 19.68555556 19.70777778 19.71888889 19.73       19.74111111
 19.75222222 19.76333333 19.77444444 19.78555556 19.79666667 19.80777778
 19.83       19.84111111 19.85222222 19.86333333 20.38555556 20.39666667
 20.51888889 20.53       20.58555556 20.59666667 20.60777778 20.65222222
 20.66333333 20.67444444 20.68555556 20.69666667 20.70777778 20.78555556
 20.79666667 20.80777778 20.81888889 20.83       20.84111111 20.85222222
 20.86333333 20.87444444 20.88555556 21.14111111 21.20777778 21.21888889
 21.49666667 21.51888889 21.55222222 21.59666667 21.60777778 21.61888889
 21.98555556 21.99666667 22.00777778 22.08555556 22.09666667 22.10777778
 22.40777778 22.41888889 22.59666667 22.60777778 22.61888889 22.63
 22.64111111 22.66333333 22.67444444 22.68555556 22.69666667 22.70777778
 22.86333333 23.00777778 23.40777778 24.03       24.16333333 24.28555556
 24.29666667 24.30777778 24.31888889 24.35222222 24.36333333 24.37444444
 24.38555556 24.39666667 24.40777778 24.61888889 24.63       24.64111111
 24.65222222 24.66333333 24.74111111 24.77444444 24.78555556 24.79666667
 25.00777778 25.05222222 25.06333333 25.39666667 25.43       25.44111111
 25.49666667 25.50777778 25.51888889 25.59666667 25.60777778 25.71888889
 25.78555556 25.79666667 26.10777778 26.11888889 26.13       26.17444444
 26.18555556 26.19666667 26.20777778 26.21888889 26.23       26.24111111
 26.25222222 26.26333333 26.27444444 26.28555556 26.29666667 26.86333333
 26.87444444 26.88555556 26.89666667 26.90777778 26.91888889 26.93
 26.94111111 27.05222222 27.07444444 27.19666667 27.20777778 27.26333333
 27.27444444 27.64111111 27.65222222 27.71888889 27.73       27.74111111
 27.79666667 27.86333333 27.87444444 27.88555556 27.89666667 27.90777778
 27.93       27.99666667 28.06333333 28.07444444 28.08555556 28.09666667
 28.21888889 28.24111111 28.65222222 28.84111111 28.85222222 28.86333333
 28.87444444 28.89666667 28.99666667 29.00777778 29.01888889 29.04111111
 29.08555556 29.26333333 29.28555556 29.29666667 29.30777778 29.31888889
 29.33       29.34111111 29.35222222 29.55222222 29.56333333 29.57444444
 29.58555556 29.59666667 29.68555556 29.69666667 29.70777778 29.71888889
 29.73       29.74111111 30.26333333 30.28555556 30.29666667 30.30777778
 30.31888889 30.39666667 30.59666667 30.60777778 30.61888889 30.63
 30.64111111 30.95222222 30.96333333 30.97444444 31.18555556 31.19666667
 31.20777778 31.21888889 31.23       31.30777778 31.31888889 31.37444444
 31.38555556 31.39666667 31.40777778 31.41888889 31.43       31.83
 31.84111111 31.85222222 31.86333333 32.08555556 32.09666667 32.10777778
 32.38555556 32.39666667 32.40777778 32.48555556 32.53       32.60777778
 32.61888889 32.63       32.64111111 32.65222222 32.66333333 32.93
 32.94111111 32.95222222 32.99666667 33.00777778 33.01888889 33.03
 33.04111111 33.05222222 33.06333333 33.13       33.14111111 33.15222222
 33.16333333 33.17444444 33.18555556 33.19666667 33.24111111 33.25222222
 33.51888889 33.58555556 33.59666667 33.60777778 33.61888889 33.78555556
 33.79666667 33.80777778 33.97444444 33.98555556 33.99666667 34.00777778
 34.01888889 34.03       34.04111111 34.05222222 34.59666667 34.60777778
 34.66333333 34.67444444 34.68555556 34.69666667 34.70777778 34.71888889
 34.73       35.01888889 35.03       35.05222222 35.07444444 35.08555556
 35.09666667 35.10777778 35.11888889 35.13       35.17444444 35.25222222
 35.26333333 35.40777778 35.41888889 35.43       35.44111111 35.47444444
 35.48555556 35.49666667 35.50777778 36.06333333 36.07444444 36.08555556
 36.09666667 36.10777778 36.31888889 36.33       36.34111111 36.35222222
 36.36333333 36.37444444 36.38555556 36.39666667 36.40777778 36.57444444
 36.64111111 36.65222222 36.66333333 36.67444444 37.39666667 37.40777778
 37.41888889 37.43       37.69666667 37.70777778 37.71888889 37.73
 37.74111111 37.75222222 37.76333333 37.77444444 37.91888889 37.96333333
 37.99666667 38.80777778 38.85222222 38.86333333 38.87444444 38.88555556
 38.89666667 38.90777778] 
[-2.14777778 -2.13666667 12.51888889 12.65222222 12.69666667 13.05222222
 13.70777778 13.71888889 13.73       14.93       14.94111111 14.98555556
 15.00777778 15.01888889 15.03       15.05222222 15.33       15.34111111
 15.35222222 15.36333333 15.37444444 15.51888889 15.53       15.54111111
 15.55222222 15.56333333 15.70777778 15.71888889 15.73       15.74111111
 15.75222222 15.76333333 15.84111111 15.85222222 15.86333333 15.87444444
 15.88555556 15.89666667 15.90777778 16.36333333 16.37444444 16.38555556
 16.39666667 16.40777778 16.76333333 16.78555556 16.79666667 16.80777778
 16.94111111 16.95222222 16.96333333 16.97444444 16.98555556 16.99666667
 17.00777778 17.33       17.34111111 17.35222222 17.37444444 17.39666667
 17.40777778 17.41888889 17.43       17.44111111 17.45222222 17.53
 17.54111111 17.55222222 17.56333333 17.93       17.94111111 17.95222222
 17.96333333 17.97444444 18.11888889 18.24111111 18.25222222 18.26333333
 18.27444444 18.28555556 18.29666667 18.94111111 18.95222222 18.98555556
 18.99666667 19.01888889 19.20777778 19.21888889 19.23       19.24111111
 19.27444444 19.48555556 19.49666667 19.50777778 19.51888889 19.53
 19.54111111 19.55222222 19.56333333 19.57444444 19.58555556 19.59666667
 19.93       19.94111111 19.95222222 19.96333333 19.97444444 19.99666667
 20.00777778 20.01888889 20.03       20.31888889 20.38555556 20.39666667
 20.51888889 20.97444444 21.01888889 21.03       21.10777778 21.14111111
 21.15222222 21.16333333 21.63       21.64111111 21.65222222 21.66333333
 21.67444444 22.09666667 22.10777778 22.11888889 22.13       22.18555556
 22.19666667 22.45222222 22.46333333 22.48555556 23.05222222 23.09666667
 23.18555556 23.19666667 23.20777778 23.31888889 23.33       23.38555556
 23.39666667 23.40777778 23.41888889 23.43       23.70777778 23.77444444
 23.78555556 23.79666667 23.80777778 23.81888889 23.84111111 24.51888889
 24.53       24.55222222 24.56333333 24.57444444 24.58555556 24.59666667
 24.60777778 24.61888889 24.63       25.19666667 25.20777778 25.23
 25.25222222 25.36333333 25.38555556 25.39666667 25.40777778 25.41888889
 26.13       26.15222222 26.16333333 26.17444444 26.24111111 26.25222222
 26.26333333 26.27444444 26.28555556 26.29666667 26.88555556 27.33
 27.93       27.94111111 27.95222222 27.96333333 27.97444444 27.98555556
 28.13       28.36333333 28.40777778 28.41888889 28.43       28.44111111
 28.47444444 28.48555556 28.50777778 29.75222222 29.76333333 30.24111111
 30.25222222 30.38555556 31.36333333 31.37444444 31.38555556 31.44111111
 31.45222222 31.46333333 31.47444444 31.48555556 31.49666667 31.50777778
 31.51888889 31.53       31.54111111 31.55222222 31.56333333 31.57444444
 32.03       32.08555556 32.09666667 32.13       32.14111111 32.87444444
 32.93       32.94111111 32.95222222 32.96333333 32.97444444 32.98555556
 33.38555556 33.39666667 33.40777778 33.41888889 33.43       33.44111111
 33.45222222 33.46333333 33.47444444 33.48555556 33.49666667 33.50777778
 33.51888889 33.53       34.53       34.54111111 34.55222222 34.95222222
 34.96333333 34.97444444 34.98555556 34.99666667 35.08555556 35.14111111
 35.20777778 35.21888889 35.23       35.24111111 35.25222222 35.26333333
 35.47444444 35.48555556 35.49666667 35.50777778 35.51888889 35.74111111
 35.75222222 35.76333333 35.77444444 35.78555556 35.79666667 35.84111111
 36.27444444 36.28555556 36.29666667 36.30777778 36.38555556 36.39666667
 36.40777778 36.41888889 36.43       36.44111111 36.70777778 36.71888889
 36.73       36.74111111 37.96333333 38.01888889 38.03       38.04111111
 38.05222222 38.06333333 38.30777778 38.35222222 38.36333333 38.37444444
 38.38555556 38.55222222 38.56333333 38.57444444 38.58555556 38.59666667
 38.60777778 38.61888889 38.63       38.64111111 38.65222222 38.66333333
 38.67444444 38.68555556 38.69666667 38.70777778 38.71888889 38.73      ] 
[-2.12555556 -2.11444444  8.43        8.45222222  8.46333333  8.48555556
  8.78555556  8.95222222  8.96333333  8.99666667  9.00777778  9.09666667
  9.13        9.59666667  9.60777778  9.61888889  9.79666667  9.80777778
  9.81888889  9.84111111  9.93       10.11888889 10.13       10.70777778
 10.71888889 10.81888889 11.13       11.14111111 11.15222222 11.23
 11.24111111 11.55222222 11.56333333 11.79666667 12.46333333 12.53
 12.54111111 12.56333333 12.85222222 12.86333333 12.87444444 13.37444444
 13.38555556 13.69666667 13.70777778 13.71888889 13.73       13.74111111
 13.75222222 14.34111111 14.54111111 14.59666667 14.61888889 14.64111111
 14.65222222 14.66333333 14.71888889 14.86333333 14.87444444 14.88555556
 14.89666667 14.90777778 14.91888889 15.31888889 15.38555556 15.39666667
 15.40777778 15.41888889 15.43       15.44111111 15.45222222 15.46333333
 15.47444444 15.48555556 15.49666667 15.50777778 15.51888889 15.53
 15.54111111 15.61888889 15.69666667 15.77444444 15.78555556 15.79666667
 15.80777778 15.81888889 15.83       16.58555556 16.59666667 16.60777778
 16.74111111 16.96333333 16.97444444 16.98555556 16.99666667 17.00777778
 17.14111111 17.15222222 17.16333333 17.39666667 17.40777778 17.41888889
 17.43       17.46333333 17.47444444 17.48555556 17.49666667 17.50777778
 17.51888889 17.53       17.55222222 17.56333333 17.57444444 17.58555556
 17.80777778 17.84111111 17.85222222 17.86333333 17.87444444 17.88555556
 17.89666667 17.90777778 18.01888889 18.03       18.04111111 18.24111111
 18.25222222 18.30777778 18.50777778 18.51888889 18.53       18.54111111
 18.76333333 18.77444444 18.79666667 18.80777778 18.81888889 18.83
 18.84111111 18.85222222 18.87444444 18.88555556 18.96333333 18.97444444
 18.98555556 18.99666667 19.48555556 19.49666667 19.50777778 19.51888889
 19.53       19.56333333 19.59666667 19.64111111 20.13       20.14111111
 20.15222222 20.26333333 20.27444444 20.28555556 20.29666667 20.30777778
 20.31888889 20.33       20.34111111 20.38555556 20.39666667 20.85222222
 20.86333333 20.87444444 20.88555556 20.89666667 20.97444444 20.98555556
 20.99666667 21.00777778 21.01888889 21.03       21.04111111 21.05222222
 21.06333333 21.07444444 21.08555556 21.09666667 21.17444444 21.18555556
 21.36333333 21.37444444 21.38555556 21.39666667 21.40777778 21.41888889
 21.81888889 21.83       21.84111111 21.85222222 21.86333333 21.87444444
 22.01888889 22.03       22.27444444 22.28555556 22.29666667 22.31888889
 22.33       22.60777778 22.61888889 22.73       22.74111111 22.86333333
 22.87444444 22.88555556 22.89666667 22.90777778 22.91888889 22.98555556
 22.99666667 23.00777778 23.01888889 23.03       23.04111111 23.28555556
 23.29666667 23.30777778 23.34111111 23.69666667 23.83       23.89666667
 23.90777778 23.91888889 24.25222222 24.26333333 24.27444444 24.28555556
 24.29666667 24.38555556 24.48555556 24.49666667 24.50777778 24.51888889
 24.53       24.54111111 25.26333333 25.27444444 25.28555556 25.29666667
 25.30777778 25.31888889 25.43       25.65222222 25.66333333 25.67444444
 25.68555556 25.69666667 25.70777778 25.98555556 25.99666667 26.31888889
 26.33       26.34111111 26.35222222 26.36333333 26.43       26.44111111
 26.45222222 26.46333333 26.47444444 26.48555556 26.53       26.54111111
 26.55222222 26.61888889 27.28555556 27.29666667 27.30777778 27.31888889
 27.58555556 27.60777778 27.61888889 27.63       27.64111111 27.65222222
 27.66333333 27.73       27.74111111 27.75222222 27.76333333 27.77444444
 28.31888889 28.33       28.34111111 28.35222222 28.51888889 28.53
 28.54111111 28.55222222 28.56333333 28.57444444 28.84111111 29.09666667
 29.23       29.75222222 29.76333333 29.77444444 29.78555556 29.79666667
 29.80777778 29.81888889 29.83       29.85222222 29.86333333 29.87444444
 30.00777778 30.39666667 30.40777778 30.41888889 30.43       30.53
 30.70777778 30.78555556 30.79666667 30.80777778 30.81888889 30.83
 30.84111111 30.85222222 30.91888889 30.93       31.05222222 31.09666667
 31.33       31.35222222 31.36333333 31.50777778 31.83       31.84111111
 31.94111111 32.21888889 32.23       32.27444444 32.48555556 32.87444444
 32.89666667 32.90777778 32.91888889 33.45222222 33.46333333 33.47444444
 33.49666667 34.17444444 34.18555556 34.19666667 34.20777778 34.21888889
 34.23       34.24111111 34.56333333 34.57444444 34.61888889 34.68555556
 34.70777778 34.71888889 34.73       34.74111111 34.79666667 34.80777778
 35.11888889 35.54111111 35.55222222 35.56333333 35.57444444 35.66333333
 35.67444444 36.31888889 36.33       36.36333333 36.37444444 36.57444444
 37.13       37.14111111 37.15222222 37.16333333 37.17444444 37.18555556
 37.24111111 37.36333333 37.73       37.81888889 37.83       37.84111111
 37.85222222 37.86333333 37.87444444 37.88555556 37.89666667 37.90777778
 38.74111111 38.75222222 38.76333333 38.77444444 38.78555556 38.79666667
 38.80777778] 
[-2.15888889 -2.14777778  7.09666667  8.34111111  8.35222222  8.40777778
  8.41888889  8.75222222  8.76333333  8.77444444  9.01888889  9.03
  9.04111111  9.05222222  9.06333333  9.07444444  9.21888889  9.23
  9.24111111  9.25222222  9.26333333  9.37444444  9.38555556  9.39666667
  9.47444444  9.90777778  9.93        9.94111111  9.95222222  9.96333333
  9.97444444  9.98555556  9.99666667 10.00777778 10.01888889 10.03
 10.04111111 10.05222222 10.25222222 10.26333333 10.27444444 10.28555556
 10.29666667 10.30777778 10.31888889 10.33       10.34111111 10.35222222
 10.50777778 10.51888889 10.53       10.54111111 10.55222222 10.77444444
 10.83       10.84111111 10.85222222 10.86333333 10.87444444 10.89666667
 10.90777778 10.91888889 10.93       10.94111111 10.95222222 10.96333333
 10.97444444 10.98555556 11.03       11.04111111 11.05222222 11.06333333
 11.07444444 11.08555556 11.35222222 11.36333333 11.38555556 11.39666667
 11.40777778 11.80777778 11.81888889 11.83       11.89666667 11.91888889
 11.93       12.20777778 12.21888889 12.23       12.34111111 12.35222222
 12.43       12.65222222 12.66333333 12.67444444 12.68555556 12.78555556
 12.79666667 12.80777778 12.81888889 12.83       12.84111111 12.95222222
 12.99666667 13.01888889 13.03       13.24111111 13.25222222 13.26333333
 13.27444444 13.28555556 13.29666667 13.43       13.44111111 13.69666667
 13.70777778 13.71888889 13.73       13.74111111 13.75222222 13.88555556
 13.89666667 13.98555556 14.00777778 14.09666667 14.14111111 14.40777778
 14.41888889 14.47444444 14.48555556 14.67444444 14.68555556 14.90777778
 14.93       14.98555556 15.28555556 15.29666667 15.30777778 15.51888889
 15.53       15.70777778 15.71888889 15.73       15.74111111 15.75222222
 15.91888889 15.93       15.94111111 15.96333333 16.03       16.08555556
 16.16333333 16.17444444 16.18555556 16.19666667 16.48555556 16.49666667
 16.91888889 16.94111111 16.95222222 16.96333333 16.97444444 16.98555556
 16.99666667 17.08555556 17.09666667 17.10777778 17.11888889 17.13
 17.17444444 17.18555556 17.19666667 17.54111111 17.55222222 17.56333333
 17.59666667 17.63       17.73       17.74111111 17.75222222 17.76333333
 17.77444444 17.78555556 17.79666667 17.80777778 17.81888889 17.83
 17.84111111 19.35222222 19.36333333 19.37444444 19.38555556 19.41888889
 19.43       19.44111111 19.45222222 19.46333333 19.47444444 19.54111111
 19.55222222 19.56333333 19.57444444 19.58555556 19.59666667 19.67444444
 19.69666667 19.71888889 19.73       19.85222222 19.86333333 19.89666667
 19.99666667 20.00777778 20.26333333 20.27444444 20.28555556 20.29666667
 20.30777778 20.31888889 20.48555556 20.49666667 20.84111111 20.85222222
 20.90777778 20.97444444 20.98555556 20.99666667 21.00777778 21.03
 21.17444444 21.23       21.24111111 21.25222222 21.26333333 21.27444444
 21.63       21.64111111 21.65222222 21.66333333 21.67444444 21.80777778
 21.86333333 21.95222222 21.96333333 21.97444444 21.98555556 21.99666667
 22.00777778 22.05222222 22.07444444 22.13       22.73       22.74111111
 22.75222222 22.76333333 22.77444444 22.79666667 22.80777778 22.81888889
 22.83       22.84111111 22.86333333 22.93       22.98555556 22.99666667
 23.00777778 23.64111111 23.65222222 23.66333333 23.67444444 23.68555556
 23.69666667 23.74111111 23.75222222 23.76333333 24.07444444 24.08555556
 24.13       24.14111111 24.15222222 24.31888889 24.34111111 24.35222222
 24.37444444 24.38555556 24.39666667 24.48555556 24.55222222 24.56333333
 24.57444444 24.87444444 24.88555556 24.89666667 24.90777778 25.29666667
 25.30777778 26.07444444 26.08555556 26.17444444 26.23       26.49666667
 26.50777778 26.51888889 26.53       26.76333333 26.77444444 26.78555556
 26.79666667 26.88555556 26.89666667 26.90777778 27.67444444 27.68555556
 27.70777778 27.71888889 27.85222222 28.09666667 28.38555556 28.39666667
 28.58555556 28.59666667 28.60777778 28.61888889 28.63       28.85222222
 28.86333333 28.87444444 28.88555556 28.89666667 29.24111111 29.26333333
 29.27444444 29.28555556 29.29666667 29.30777778 29.31888889 29.33
 29.34111111 29.35222222 30.00777778 30.01888889 30.03       30.04111111
 30.05222222 30.06333333 30.07444444 30.08555556 30.09666667 30.53
 30.59666667 30.60777778 30.73       30.74111111 30.75222222 30.76333333
 30.77444444 30.78555556 30.79666667 30.80777778 30.81888889 30.83
 30.84111111 30.85222222 30.86333333 30.90777778 30.98555556 30.99666667
 31.00777778 31.01888889 31.03       31.04111111 31.16333333 31.18555556
 31.57444444 31.58555556 31.59666667 32.15222222 32.19666667 32.74111111
 32.77444444 32.78555556 32.79666667 32.80777778 32.81888889 32.83
 32.84111111 32.93       32.94111111 32.95222222 32.96333333 32.97444444
 32.98555556 33.03       33.04111111 33.05222222 33.11888889 33.68555556
 33.71888889 33.73       33.74111111 33.76333333 34.23       34.24111111
 34.25222222 34.26333333 34.29666667 34.30777778 34.31888889 34.33
 34.34111111 34.35222222 35.05222222 35.07444444 35.13       35.28555556
 35.33       35.53       35.54111111 35.55222222 35.56333333 36.18555556
 36.19666667 36.20777778 36.21888889 36.23       36.24111111 36.25222222
 36.26333333 36.27444444 36.28555556 36.29666667 36.30777778 36.38555556
 36.39666667 36.40777778 36.47444444 37.69666667 37.70777778 37.71888889
 37.73       37.74111111 37.75222222 37.76333333 37.77444444 37.78555556
 37.79666667 37.80777778 38.91888889] 
[ 2.76333333  4.39666667  4.40777778  4.41888889  4.43        4.68555556
  4.69666667  4.70777778  4.71888889  4.97444444  5.08555556  5.09666667
  5.10777778  5.11888889  5.13        5.14111111  5.15222222  5.16333333
  5.17444444  5.18555556  5.19666667  5.20777778  5.21888889  5.23
  5.24111111  5.25222222  5.26333333  5.27444444  5.28555556  5.29666667
  5.44111111  5.45222222  5.46333333  5.47444444  5.48555556  5.49666667
  5.50777778  5.51888889  5.53        5.54111111  5.56333333  5.69666667
  5.89666667  5.90777778  5.91888889  6.08555556  6.09666667  6.10777778
  6.11888889  6.13        6.14111111  6.49666667  6.50777778  6.51888889
  6.60777778  6.61888889  6.63        6.64111111  6.65222222  6.66333333
  6.69666667  6.71888889  6.73        6.75222222  6.76333333  6.77444444
  6.78555556  6.79666667  7.05222222  7.06333333  7.07444444  7.08555556
  7.09666667  7.10777778  7.11888889  7.13        7.14111111  7.15222222
  7.16333333  7.46333333  7.48555556  7.49666667  7.50777778  7.58555556
  7.90777778  7.91888889  7.93        7.94111111  7.95222222  7.96333333
  8.04111111  8.05222222  8.10777778  8.11888889  8.36333333  8.37444444
  8.38555556  8.39666667  8.40777778  8.41888889  8.59666667  8.60777778
  8.61888889  8.66333333  8.67444444  8.81888889  8.83        8.85222222
  8.86333333  8.87444444  8.94111111  8.95222222  8.96333333  8.97444444
  8.98555556  8.99666667  9.00777778  9.01888889  9.19666667  9.24111111
  9.25222222  9.26333333  9.27444444  9.28555556  9.29666667  9.30777778
  9.31888889  9.33        9.34111111  9.35222222  9.37444444  9.38555556
  9.44111111  9.53        9.54111111  9.55222222  9.56333333  9.57444444
  9.58555556  9.59666667  9.60777778  9.61888889  9.66333333  9.67444444
  9.86333333  9.87444444  9.88555556  9.89666667 10.18555556 10.19666667
 10.20777778 10.21888889 10.23       10.24111111 10.31888889 10.59666667
 10.68555556 10.69666667 10.70777778 10.71888889 10.73       10.74111111
 10.75222222 10.76333333 10.77444444 10.78555556 10.79666667 10.80777778
 10.81888889 10.89666667 10.90777778 10.91888889 11.03       11.04111111
 11.05222222 11.06333333 11.07444444 11.08555556 11.09666667 11.10777778
 11.15222222 11.20777778 11.21888889 11.33       11.34111111 11.41888889
 11.43       11.44111111 11.45222222 11.46333333 11.47444444 11.55222222
 11.56333333 11.57444444 11.58555556 11.61888889 11.63       11.74111111
 11.75222222 11.76333333 11.77444444 11.78555556 11.80777778 11.81888889
 11.87444444 11.88555556 11.89666667 11.94111111 11.95222222 11.96333333
 12.19666667 12.20777778 12.21888889 12.23       12.24111111 12.25222222
 12.46333333 12.47444444 12.48555556 12.58555556 12.59666667 12.60777778
 12.61888889 12.63       12.64111111 12.70777778 13.04111111 13.08555556
 13.09666667 13.10777778 13.11888889 13.13       13.14111111 13.15222222
 13.16333333 13.17444444 13.21888889 13.63       13.64111111 13.65222222
 13.66333333 13.67444444 13.76333333 13.77444444 13.78555556 13.83
 13.84111111 13.85222222 13.86333333 13.87444444 13.88555556 13.91888889
 13.95222222 14.28555556 14.40777778 14.41888889 14.43       14.44111111
 14.45222222 14.46333333 14.54111111 14.55222222 14.56333333 14.57444444
 14.58555556 14.59666667 14.64111111 14.93       14.95222222 14.97444444
 14.98555556 15.25222222 15.29666667 15.30777778 15.31888889 15.33
 15.34111111 15.35222222 15.36333333 15.37444444 16.23       16.24111111
 16.25222222 16.26333333 16.43       16.47444444 16.78555556 16.80777778
 16.88555556 16.89666667 16.94111111 16.95222222 16.96333333 16.97444444
 16.98555556 16.99666667 17.13       17.17444444 17.18555556 17.19666667
 17.38555556 17.41888889 17.43       17.44111111 17.45222222 17.49666667
 17.50777778 17.51888889 17.76333333 17.78555556 17.79666667 17.80777778
 17.81888889 17.83       17.84111111 18.11888889 18.13       18.14111111
 18.15222222 18.16333333 18.17444444 18.99666667 19.00777778 19.01888889
 19.46333333 19.47444444 19.63       19.64111111 19.65222222 19.66333333
 19.96333333 19.97444444 20.19666667 20.45222222 20.49666667 20.50777778
 20.56333333 20.57444444 20.63       20.64111111 20.65222222 20.66333333
 20.74111111 20.75222222 20.76333333 20.77444444 21.17444444 21.18555556
 21.19666667 21.20777778 21.21888889 21.23       21.24111111 21.25222222
 21.26333333 21.27444444 21.49666667 21.50777778 21.51888889 21.53
 21.54111111 21.55222222 21.58555556 21.60777778 21.61888889 22.06333333
 22.27444444 22.28555556 22.34111111 22.35222222 22.38555556 22.39666667
 22.98555556 22.99666667 23.00777778 23.01888889 23.03       23.04111111
 23.60777778 23.61888889 23.63       23.64111111 23.65222222 23.66333333
 23.67444444 23.68555556 23.69666667 23.70777778 23.71888889 23.73
 23.74111111 23.75222222 23.76333333 24.03       24.04111111 24.09666667
 24.10777778 24.15222222 24.21888889 24.54111111 24.74111111 25.16333333
 25.17444444 25.18555556 25.39666667 25.40777778 25.41888889 25.46333333
 25.47444444 25.48555556 25.49666667 25.50777778 25.51888889 25.53
 25.54111111 25.55222222 25.56333333 25.57444444 25.63       25.64111111
 26.01888889 26.03       26.07444444 26.08555556 26.11888889 26.13
 26.14111111 26.15222222 26.16333333 26.43       26.44111111 27.74111111
 27.75222222 27.76333333 27.77444444 27.78555556 28.06333333 28.07444444
 28.08555556 28.09666667 28.10777778 28.11888889 28.21888889 28.23
 28.24111111 28.38555556 28.39666667 29.24111111 29.27444444 29.28555556
 30.06333333 30.38555556 30.59666667 30.73       30.74111111 30.75222222
 30.76333333 30.77444444 30.83       30.84111111 31.24111111 31.25222222
 31.26333333 31.27444444 31.50777778 31.51888889 31.55222222 31.56333333
 32.20777778 32.55222222 32.57444444 32.58555556 32.59666667 32.67444444
 32.68555556 32.69666667 32.70777778 32.71888889 32.73       32.74111111
 32.75222222 32.76333333 32.77444444 32.78555556 32.79666667 33.26333333
 33.78555556 33.79666667 34.10777778 34.56333333 34.57444444 34.63
 34.87444444 35.48555556 35.49666667 35.50777778 35.51888889 35.53
 35.54111111 35.58555556 36.05222222 36.06333333 36.31888889 36.33
 36.38555556 36.39666667 36.40777778 36.41888889 36.43       36.99666667
 37.05222222 37.75222222 37.83       37.86333333 37.87444444 38.91888889] 
[ 4.71888889  9.69666667  9.70777778 10.07444444 10.08555556 10.09666667
 10.10777778 10.13       10.14111111 10.15222222 10.16333333 10.17444444
 10.29666667 10.30777778 10.77444444 10.78555556 10.79666667 10.80777778
 10.96333333 10.97444444 10.98555556 10.99666667 11.00777778 11.01888889
 11.03       11.09666667 11.10777778 11.11888889 11.13       11.14111111
 11.15222222 11.23       11.24111111 11.25222222 11.26333333 11.27444444
 11.35222222 11.36333333 11.55222222 11.64111111 11.65222222 11.66333333
 11.67444444 11.97444444 11.98555556 11.99666667 12.30777778 12.31888889
 13.30777778 13.31888889 13.37444444 13.38555556 13.39666667 13.40777778
 13.41888889 13.44111111 13.63       13.64111111 13.65222222 13.66333333
 13.67444444 13.68555556 14.04111111 14.06333333 14.07444444 14.30777778
 14.31888889 14.33       14.54111111 14.55222222 14.56333333 14.57444444
 14.58555556 14.60777778 14.61888889 14.66333333 14.97444444 14.98555556
 14.99666667 15.00777778 15.25222222 15.27444444 15.64111111 15.65222222
 15.68555556 15.76333333 16.05222222 16.14111111 16.29666667 16.30777778
 16.31888889 16.36333333 16.37444444 16.38555556 16.39666667 16.40777778
 16.41888889 16.55222222 16.56333333 16.57444444 16.58555556 16.59666667
 16.60777778 16.61888889 16.65222222 16.94111111 17.69666667 17.71888889
 17.80777778 17.83       17.84111111 18.11888889 18.15222222 18.16333333
 18.17444444 18.18555556 18.19666667 18.20777778 18.21888889 18.23
 18.30777778 18.44111111 18.45222222 18.46333333 18.47444444 18.48555556
 18.57444444 18.89666667 18.90777778 19.19666667 19.43       19.44111111
 19.45222222 19.46333333 19.47444444 19.54111111 19.55222222 19.56333333
 19.57444444 19.96333333 19.98555556 20.19666667 20.38555556 20.39666667
 20.90777778 20.91888889 20.93       20.94111111 20.96333333 21.23
 21.36333333 21.38555556 21.40777778 21.41888889 21.57444444 21.68555556
 21.69666667 21.71888889 21.74111111 22.01888889 22.03       22.04111111
 22.86333333 22.87444444 22.98555556 23.05222222 23.31888889 23.33
 23.34111111 23.35222222 23.36333333 23.40777778 24.35222222 24.36333333
 24.54111111 24.55222222 24.56333333 24.57444444 24.58555556 24.59666667
 24.60777778 24.61888889 24.63       24.64111111 24.87444444 24.88555556
 24.94111111 24.95222222 24.96333333 25.07444444 25.08555556 25.09666667
 25.10777778 25.11888889 25.23       25.25222222 25.75222222 25.85222222
 25.86333333 25.87444444 25.88555556 25.89666667 25.90777778 26.04111111
 26.10777778 26.11888889 26.13       26.14111111 26.15222222 26.37444444
 26.38555556 26.63       26.74111111 26.76333333 26.77444444 26.78555556
 26.79666667 26.80777778 26.81888889 26.83       26.84111111 26.85222222
 26.86333333 26.87444444 26.88555556 26.89666667 26.90777778 26.91888889
 26.93       26.94111111 26.95222222 27.15222222 27.16333333 27.17444444
 27.18555556 27.19666667 27.20777778 27.48555556 27.49666667 27.50777778
 27.51888889 27.53       27.86333333 27.87444444 27.88555556 27.89666667
 27.90777778 27.91888889 27.94111111 27.95222222 27.96333333 27.97444444
 27.98555556 28.31888889 28.33       28.34111111 28.35222222 28.46333333
 28.51888889 28.53       28.54111111 28.55222222 28.56333333 28.94111111
 28.95222222 28.96333333 28.97444444 28.98555556 28.99666667 29.00777778
 29.01888889 29.16333333 29.24111111 29.28555556 29.31888889 29.33
 29.34111111 29.35222222 29.37444444 29.40777778 29.49666667 29.50777778
 29.54111111 29.91888889 29.93       30.07444444 30.14111111 30.15222222
 30.16333333 30.17444444 30.18555556 30.20777778 30.21888889 30.23
 30.27444444 30.28555556 30.29666667 30.30777778 30.33       30.39666667
 30.40777778 30.41888889 30.43       30.46333333 30.47444444 30.48555556
 30.49666667 30.50777778 30.51888889 30.53       30.54111111 30.55222222
 30.56333333 30.57444444 30.78555556 30.79666667 30.80777778 30.81888889
 30.83       30.84111111 31.05222222 31.06333333 31.10777778 31.11888889
 31.13       31.14111111 31.15222222 31.16333333 31.17444444 31.27444444
 31.28555556 31.43       31.77444444 31.78555556 31.79666667 31.89666667
 31.90777778 31.91888889 31.93       32.03       32.04111111 32.05222222
 32.06333333 32.07444444 32.15222222 32.16333333 32.17444444 32.18555556
 32.19666667 32.21888889 32.23       32.24111111 32.25222222 32.26333333
 32.35222222 32.41888889 32.43       32.44111111 32.45222222 32.46333333
 32.47444444 32.48555556 32.49666667 32.50777778 32.51888889 32.53
 32.54111111 32.74111111 32.75222222 32.80777778 32.86333333 33.20777778
 33.21888889 33.23       33.24111111 33.25222222 33.30777778 33.31888889
 33.39666667 33.58555556 33.65222222 33.66333333 33.67444444 33.97444444
 33.98555556 33.99666667 34.04111111 34.05222222 34.06333333 34.07444444
 34.08555556 34.09666667 34.10777778 34.11888889 34.13       34.14111111
 34.15222222 34.29666667 34.34111111 34.35222222 34.36333333 34.37444444
 34.38555556 34.39666667 34.40777778 34.41888889 34.49666667 34.50777778
 34.51888889 34.53       34.54111111 34.55222222 34.56333333 34.57444444
 34.58555556 34.59666667 34.60777778 34.61888889 34.63       34.64111111
 34.65222222 34.66333333 34.67444444 34.68555556 34.69666667 34.70777778
 34.71888889 34.73       34.74111111 34.81888889 34.85222222 34.86333333
 34.87444444 35.86333333 35.98555556 35.99666667 36.05222222 36.06333333
 36.07444444 36.08555556 36.11888889 36.13       36.14111111 36.15222222
 36.16333333 36.17444444 36.18555556 36.19666667 36.20777778 36.21888889
 36.23       36.24111111 36.25222222 36.26333333 36.27444444 36.28555556
 36.29666667 36.30777778 36.31888889 36.33       36.34111111 36.35222222
 36.36333333 36.37444444 36.38555556 36.39666667 36.40777778 36.41888889
 36.43       36.44111111 36.45222222 36.46333333 36.47444444 36.48555556
 36.49666667 36.50777778 36.51888889 36.53       36.54111111 36.55222222
 36.56333333 36.58555556 36.59666667 36.60777778 36.61888889 36.63
 37.24111111 37.25222222 37.26333333 37.27444444 37.28555556 37.29666667
 37.30777778 37.38555556 37.39666667 37.40777778 37.41888889 37.43
 37.44111111 37.45222222 37.46333333 37.47444444 37.48555556 37.49666667
 37.50777778 37.51888889 37.53       37.54111111 37.55222222 37.56333333
 38.93      ] 
[-2.14777778  3.00777778  3.01888889  3.16333333  3.17444444  3.18555556
  3.19666667  3.20777778  3.21888889  3.26333333  3.27444444  3.28555556
  3.39666667  3.40777778  3.41888889  3.46333333  3.47444444  3.50777778
  3.51888889  3.53        3.54111111  3.55222222  3.56333333  3.58555556
  3.60777778  3.61888889  3.63        3.64111111  3.65222222  3.66333333
  3.67444444  3.71888889  3.74111111  3.85222222  3.88555556  3.89666667
  3.90777778  3.91888889  3.93        3.94111111  3.95222222  4.00777778
  4.01888889  4.03        4.04111111  4.27444444  4.28555556  4.29666667
  4.33        4.46333333  4.47444444  4.48555556  4.78555556  4.79666667
  4.80777778  4.81888889  4.91888889  5.10777778  5.11888889  5.13
  5.14111111  5.15222222  5.16333333  5.17444444  5.20777778  5.21888889
  5.48555556  5.49666667  5.53        5.54111111  5.55222222  5.56333333
  5.57444444  5.59666667  5.60777778  5.61888889  5.67444444  5.68555556
  5.69666667  5.70777778  5.71888889  5.73        5.74111111  5.75222222
  5.96333333  6.03        6.04111111  6.08555556  6.09666667  6.10777778
  6.15222222  6.16333333  6.17444444  6.18555556  6.35222222  6.36333333
  6.37444444  6.99666667  7.00777778  7.01888889  7.03        7.04111111
  7.05222222  7.19666667  7.24111111  7.25222222  7.30777778  7.31888889
  7.34111111  7.58555556  7.60777778  7.63        7.64111111  7.71888889
  7.73        7.74111111  7.75222222  7.76333333  7.77444444  7.78555556
  7.84111111  7.85222222  7.86333333  7.87444444  7.88555556  7.89666667
  7.90777778  7.91888889  7.93        7.94111111  7.95222222  7.96333333
  7.97444444  7.98555556  7.99666667  8.00777778  8.01888889  8.03
  8.23        8.24111111  8.25222222  8.26333333  8.27444444  8.49666667
  8.50777778  8.51888889  8.53        8.95222222  8.96333333  8.97444444
  8.98555556  8.99666667  9.00777778  9.14111111  9.15222222  9.16333333
  9.17444444  9.18555556  9.19666667  9.23        9.25222222  9.26333333
  9.31888889  9.33        9.34111111  9.36333333  9.37444444  9.39666667
  9.40777778  9.41888889  9.46333333  9.47444444  9.48555556  9.49666667
  9.50777778  9.51888889  9.60777778  9.66333333  9.67444444  9.68555556
  9.73        9.74111111  9.75222222  9.77444444  9.79666667  9.84111111
  9.85222222  9.86333333  9.88555556  9.89666667 10.05222222 10.06333333
 10.31888889 10.33       10.34111111 10.35222222 10.36333333 10.37444444
 10.38555556 10.39666667 10.40777778 10.41888889 10.43       10.45222222
 10.46333333 10.47444444 10.48555556 10.49666667 10.50777778 10.51888889
 10.56333333 11.23       11.27444444 11.28555556 11.29666667 11.30777778
 11.31888889 11.33       11.34111111 11.35222222 11.36333333 11.37444444
 11.38555556 11.39666667 11.40777778 11.48555556 11.49666667 11.50777778
 11.55222222 11.56333333 11.57444444 11.94111111 11.95222222 11.96333333
 11.97444444 11.98555556 11.99666667 12.39666667 12.40777778 12.41888889
 12.43       12.44111111 12.45222222 12.47444444 12.48555556 12.85222222
 12.86333333 12.88555556 12.91888889 12.93       12.94111111 12.95222222
 12.96333333 12.97444444 13.04111111 13.05222222 13.10777778 13.11888889
 13.13       13.16333333 13.53       13.54111111 13.55222222 13.56333333
 13.57444444 13.58555556 13.59666667 13.60777778 13.61888889 13.73
 13.74111111 13.76333333 13.77444444 13.78555556 13.79666667 13.80777778
 13.81888889 13.95222222 13.96333333 13.97444444 14.01888889 14.03
 14.04111111 14.08555556 14.09666667 14.13       14.47444444 14.51888889
 14.53       14.54111111 14.55222222 14.60777778 14.79666667 14.80777778
 14.81888889 14.83       14.84111111 14.85222222 14.86333333 14.87444444
 14.88555556 14.89666667 14.93       14.94111111 14.95222222 14.96333333
 15.13       15.14111111 15.15222222 15.16333333 15.17444444 15.21888889
 15.45222222 15.46333333 15.47444444 15.48555556 15.49666667 15.50777778
 15.51888889 15.53       15.58555556 15.59666667 15.64111111 15.65222222
 15.66333333 15.67444444 15.68555556 15.69666667 15.87444444 15.88555556
 15.89666667 16.09666667 16.16333333 16.17444444 16.18555556 16.19666667
 16.20777778 16.21888889 16.29666667 16.30777778 16.31888889 16.33
 16.34111111 16.35222222 16.36333333 16.37444444 16.55222222 16.56333333
 16.57444444 16.75222222 16.76333333 16.98555556 16.99666667 17.00777778
 17.01888889 17.03       17.04111111 17.05222222 17.06333333 17.07444444
 17.08555556 17.10777778 17.11888889 17.13       17.33       17.34111111
 17.35222222 17.66333333 17.67444444 17.73       17.74111111 17.75222222
 17.76333333 17.80777778 17.83       17.84111111 18.15222222 18.16333333
 18.24111111 18.25222222 18.26333333 18.30777778 18.31888889 18.33
 18.34111111 18.36333333 18.50777778 18.51888889 18.54111111 18.56333333
 18.59666667 18.76333333 18.77444444 18.78555556 18.79666667 18.80777778
 18.81888889 18.89666667 18.90777778 18.91888889 18.93       18.94111111
 18.95222222 19.00777778 19.01888889 19.28555556 19.35222222 19.36333333
 19.48555556 19.49666667 19.50777778 19.51888889 19.53       19.60777778
 19.61888889 19.63       19.64111111 19.65222222 19.66333333 19.67444444
 19.68555556 19.69666667 19.70777778 19.71888889 19.73       19.76333333
 19.87444444 19.88555556 20.06333333 20.07444444 20.19666667 20.20777778
 20.21888889 20.23       20.24111111 20.25222222 20.38555556 20.41888889
 20.43       20.44111111 21.00777778 21.03       21.29666667 21.36333333
 21.37444444 21.38555556 21.43       21.44111111 21.45222222 21.46333333
 21.47444444 21.48555556 21.66333333 21.71888889 21.73       21.74111111
 21.81888889 21.83       21.84111111 21.85222222 21.86333333 21.87444444
 21.88555556 21.89666667 21.90777778 22.01888889 22.04111111 22.05222222
 22.06333333 22.07444444 22.34111111 22.35222222 22.36333333 22.37444444
 22.38555556 22.39666667 22.44111111 22.46333333 22.60777778 22.61888889
 22.79666667 22.80777778 22.81888889 22.84111111 22.85222222 22.98555556
 22.99666667 23.00777778 23.01888889 23.03       23.04111111 23.11888889
 23.13       23.14111111 23.77444444 23.78555556 23.79666667 23.80777778
 23.81888889 23.83       23.84111111 23.85222222 23.86333333 23.87444444
 23.88555556 23.97444444 23.99666667 24.00777778 24.01888889 24.28555556
 24.29666667 24.30777778 24.41888889 24.43       24.44111111 24.45222222
 24.46333333 24.54111111 24.61888889 24.63       24.64111111 24.65222222
 24.66333333 24.67444444 24.74111111 24.75222222 24.76333333 24.77444444
 24.78555556 24.79666667 24.80777778 24.81888889 25.00777778 25.01888889
 25.33       25.34111111 25.35222222 25.36333333 25.65222222 25.66333333
 25.67444444 26.24111111 26.25222222 26.59666667 26.60777778 26.61888889
 26.66333333 26.67444444 26.69666667 26.70777778 26.71888889 26.73
 26.74111111 26.75222222 26.88555556 26.89666667 26.90777778 26.91888889
 26.93       26.94111111 27.23       27.24111111 27.48555556 27.49666667
 27.50777778 27.51888889 27.53       27.54111111 27.56333333 27.58555556
 27.59666667 27.93       28.06333333 28.07444444 28.08555556 28.09666667
 28.10777778 28.38555556 28.39666667 28.45222222 28.64111111 28.65222222
 28.66333333 28.67444444 28.68555556 28.69666667 28.70777778 28.71888889
 28.73       28.74111111 28.75222222 28.76333333 28.84111111 28.85222222
 28.86333333 28.87444444 28.88555556 28.89666667 28.90777778 29.08555556
 29.16333333 29.17444444 29.18555556 29.19666667 29.21888889 29.23
 29.24111111 29.61888889 29.63       29.64111111 29.66333333 29.67444444
 29.68555556 29.69666667 29.70777778 29.71888889 29.73       29.74111111
 29.75222222 29.76333333 29.94111111 29.95222222 29.96333333 29.97444444
 29.98555556 29.99666667 30.14111111 30.20777778 30.21888889 30.26333333
 30.27444444 30.28555556 30.29666667 30.30777778 30.31888889 30.33
 30.34111111 30.35222222 30.36333333 30.37444444 30.38555556 30.39666667
 30.53       30.55222222 30.56333333 30.57444444 30.58555556 31.01888889
 31.24111111 31.30777778 31.31888889 31.63       31.64111111 31.65222222
 31.66333333 31.70777778 31.76333333 31.77444444 31.78555556 31.79666667
 31.80777778 31.83       31.89666667 31.90777778 31.91888889 31.93
 31.94111111 31.95222222 31.96333333 31.97444444 31.98555556 31.99666667
 32.00777778 32.01888889 32.03       32.04111111 32.05222222 32.06333333
 32.07444444 32.46333333 32.47444444 32.50777778 32.51888889 32.53
 32.74111111 32.75222222 32.76333333 32.77444444 32.78555556 32.79666667
 32.99666667 33.00777778 33.01888889 33.03       33.04111111 33.05222222
 33.06333333 33.13       33.16333333 33.17444444 33.18555556 33.45222222
 33.51888889 33.53       33.54111111 33.71888889 33.73       33.74111111
 33.97444444 33.98555556 33.99666667 34.04111111 34.05222222 34.06333333
 34.07444444 34.08555556 34.09666667 34.50777778 34.51888889 34.53
 34.54111111 34.55222222 34.59666667 34.63       34.64111111 34.65222222
 34.66333333 34.67444444 34.71888889 34.73       34.76333333 34.77444444
 34.88555556 34.89666667 34.90777778 34.91888889 34.93       34.94111111
 35.27444444 35.31888889 35.33       35.40777778 35.41888889 35.50777778
 35.51888889 35.93       35.94111111 35.95222222 35.96333333 35.97444444
 35.98555556 35.99666667 36.15222222 36.16333333 36.17444444 36.44111111
 36.45222222 36.46333333 36.47444444 36.48555556 36.49666667 36.57444444
 36.58555556 36.64111111 36.65222222 36.66333333 36.67444444 36.68555556
 36.69666667 36.70777778 36.71888889 36.76333333 36.95222222 36.96333333
 36.97444444 37.09666667 37.10777778 37.38555556 37.39666667 37.47444444
 37.49666667 37.50777778 37.56333333 37.58555556 37.59666667 37.67444444
 37.68555556 37.70777778 37.71888889 37.73       37.74111111 37.95222222
 37.97444444 37.98555556 37.99666667 38.00777778 38.01888889 38.04111111
 38.05222222 38.06333333 38.09666667 38.13       38.14111111 38.15222222
 38.16333333 38.33       38.91888889] 
[-2.15888889 -2.12555556  9.85222222 10.07444444 10.63       10.69666667
 10.89666667 10.90777778 10.93       11.28555556 11.29666667 11.30777778
 11.35222222 11.36333333 11.55222222 12.69666667 12.74111111 12.75222222
 12.76333333 12.77444444 12.83       12.84111111 12.91888889 12.98555556
 12.99666667 13.00777778 13.01888889 13.03       13.17444444 14.28555556
 14.29666667 14.40777778 14.41888889 14.44111111 14.86333333 14.87444444
 14.88555556 14.89666667 15.23       15.51888889 16.68555556 16.69666667
 17.16333333 17.18555556 17.25222222 17.27444444 17.28555556 17.30777778
 17.39666667 17.76333333 17.77444444 17.93       17.94111111 17.95222222
 17.96333333 18.76333333 18.77444444 18.78555556 19.38555556 19.39666667
 19.40777778 19.60777778 19.61888889 19.63       19.64111111 19.65222222
 19.66333333 19.76333333 19.77444444 20.38555556 20.39666667 20.40777778
 20.84111111 21.04111111 21.05222222 21.29666667 21.88555556 21.89666667
 21.90777778 21.93       21.94111111 22.08555556 22.37444444 23.80777778
 23.81888889 24.71888889 24.85222222 25.19666667 25.20777778 26.14111111
 26.15222222 26.16333333 26.17444444 27.73       28.06333333 28.18555556
 28.19666667 28.74111111 31.08555556 31.09666667 31.10777778 31.81888889
 32.28555556 32.67444444 32.68555556 32.69666667 33.29666667 33.30777778
 33.31888889 33.58555556 33.86333333 33.87444444 33.88555556 33.89666667
 33.93       33.94111111 33.95222222 33.96333333 34.63       34.65222222
 34.66333333 34.67444444 34.78555556 34.79666667 34.87444444 35.01888889
 35.03       35.04111111 35.05222222 35.08555556 35.09666667 35.10777778
 35.11888889 35.13       35.40777778 35.41888889 35.45222222 35.46333333
 35.86333333 35.87444444 35.89666667 35.91888889 36.05222222 36.08555556
 36.09666667 36.10777778 36.31888889 36.33       36.34111111 36.35222222
 36.38555556 36.99666667 37.00777778 37.29666667 37.30777778 37.31888889
 37.33       37.65222222 37.67444444 37.68555556 37.69666667 37.70777778
 37.71888889 37.73       37.74111111 37.75222222 37.87444444 37.93
 37.94111111 37.95222222 37.96333333 37.97444444 37.98555556 37.99666667
 38.00777778 38.01888889 38.03       38.76333333 38.77444444 38.78555556
 38.79666667 38.80777778 38.81888889 38.83       38.84111111 38.85222222
 38.86333333 38.87444444 38.88555556 38.89666667 38.90777778 38.91888889
 38.93      ]